447,463,XRLES0vGdjwHC1N5kdesCtjc6T0=,+cjtxCQ7PcfbQYvJcpGd8f2GW10=
445,450,XRLES0vGdjwHC1N5kdesCtjc6T0=,+cjtxCQ7PcfbQYvJcpGd8f2GW10=
435,448,XRLES0vGdjwHC1N5kdesCtjc6T0=,+cjtxCQ7PcfbQYvJcpGd8f2GW10=
446,450,XRLES0vGdjwHC1N5kdesCtjc6T0=,+cjtxCQ7PcfbQYvJcpGd8f2GW10=
441,463,XRLES0vGdjwHC1N5kdesCtjc6T0=,+cjtxCQ7PcfbQYvJcpGd8f2GW10=
439,463,XRLES0vGdjwHC1N5kdesCtjc6T0=,+cjtxCQ7PcfbQYvJcpGd8f2GW10=
442,463,XRLES0vGdjwHC1N5kdesCtjc6T0=,+cjtxCQ7PcfbQYvJcpGd8f2GW10=
446,463,XRLES0vGdjwHC1N5kdesCtjc6T0=,+cjtxCQ7PcfbQYvJcpGd8f2GW10=
438,463,XRLES0vGdjwHC1N5kdesCtjc6T0=,+cjtxCQ7PcfbQYvJcpGd8f2GW10=
445,463,XRLES0vGdjwHC1N5kdesCtjc6T0=,+cjtxCQ7PcfbQYvJcpGd8f2GW10=
447,450,XRLES0vGdjwHC1N5kdesCtjc6T0=,+cjtxCQ7PcfbQYvJcpGd8f2GW10=
444,463,XRLES0vGdjwHC1N5kdesCtjc6T0=,+cjtxCQ7PcfbQYvJcpGd8f2GW10=
443,463,XRLES0vGdjwHC1N5kdesCtjc6T0=,+cjtxCQ7PcfbQYvJcpGd8f2GW10=
440,463,XRLES0vGdjwHC1N5kdesCtjc6T0=,+cjtxCQ7PcfbQYvJcpGd8f2GW10=
434,463,XRLES0vGdjwHC1N5kdesCtjc6T0=,+cjtxCQ7PcfbQYvJcpGd8f2GW10=
432,451,XRLES0vGdjwHC1N5kdesCtjc6T0=,+cjtxCQ7PcfbQYvJcpGd8f2GW10=
435,463,XRLES0vGdjwHC1N5kdesCtjc6T0=,+cjtxCQ7PcfbQYvJcpGd8f2GW10=
433,449,XRLES0vGdjwHC1N5kdesCtjc6T0=,+cjtxCQ7PcfbQYvJcpGd8f2GW10=
436,463,XRLES0vGdjwHC1N5kdesCtjc6T0=,+cjtxCQ7PcfbQYvJcpGd8f2GW10=
433,451,XRLES0vGdjwHC1N5kdesCtjc6T0=,+cjtxCQ7PcfbQYvJcpGd8f2GW10=
441,449,XRLES0vGdjwHC1N5kdesCtjc6T0=,+cjtxCQ7PcfbQYvJcpGd8f2GW10=
447,449,XRLES0vGdjwHC1N5kdesCtjc6T0=,+cjtxCQ7PcfbQYvJcpGd8f2GW10=
434,451,XRLES0vGdjwHC1N5kdesCtjc6T0=,+cjtxCQ7PcfbQYvJcpGd8f2GW10=
437,463,XRLES0vGdjwHC1N5kdesCtjc6T0=,+cjtxCQ7PcfbQYvJcpGd8f2GW10=
433,463,XRLES0vGdjwHC1N5kdesCtjc6T0=,+cjtxCQ7PcfbQYvJcpGd8f2GW10=
442,449,XRLES0vGdjwHC1N5kdesCtjc6T0=,+cjtxCQ7PcfbQYvJcpGd8f2GW10=
445,449,XRLES0vGdjwHC1N5kdesCtjc6T0=,+cjtxCQ7PcfbQYvJcpGd8f2GW10=
443,449,XRLES0vGdjwHC1N5kdesCtjc6T0=,+cjtxCQ7PcfbQYvJcpGd8f2GW10=
435,451,XRLES0vGdjwHC1N5kdesCtjc6T0=,+cjtxCQ7PcfbQYvJcpGd8f2GW10=
437,449,XRLES0vGdjwHC1N5kdesCtjc6T0=,+cjtxCQ7PcfbQYvJcpGd8f2GW10=
439,449,XRLES0vGdjwHC1N5kdesCtjc6T0=,+cjtxCQ7PcfbQYvJcpGd8f2GW10=
432,463,XRLES0vGdjwHC1N5kdesCtjc6T0=,+cjtxCQ7PcfbQYvJcpGd8f2GW10=
435,449,XRLES0vGdjwHC1N5kdesCtjc6T0=,+cjtxCQ7PcfbQYvJcpGd8f2GW10=
446,449,XRLES0vGdjwHC1N5kdesCtjc6T0=,+cjtxCQ7PcfbQYvJcpGd8f2GW10=
436,449,XRLES0vGdjwHC1N5kdesCtjc6T0=,+cjtxCQ7PcfbQYvJcpGd8f2GW10=
440,449,XRLES0vGdjwHC1N5kdesCtjc6T0=,+cjtxCQ7PcfbQYvJcpGd8f2GW10=
432,450,XRLES0vGdjwHC1N5kdesCtjc6T0=,+cjtxCQ7PcfbQYvJcpGd8f2GW10=
434,448,XRLES0vGdjwHC1N5kdesCtjc6T0=,+cjtxCQ7PcfbQYvJcpGd8f2GW10=
447,462,XRLES0vGdjwHC1N5kdesCtjc6T0=,+cjtxCQ7PcfbQYvJcpGd8f2GW10=
444,449,XRLES0vGdjwHC1N5kdesCtjc6T0=,+cjtxCQ7PcfbQYvJcpGd8f2GW10=
446,462,XRLES0vGdjwHC1N5kdesCtjc6T0=,+cjtxCQ7PcfbQYvJcpGd8f2GW10=
445,462,XRLES0vGdjwHC1N5kdesCtjc6T0=,+cjtxCQ7PcfbQYvJcpGd8f2GW10=
443,462,XRLES0vGdjwHC1N5kdesCtjc6T0=,+cjtxCQ7PcfbQYvJcpGd8f2GW10=
438,449,XRLES0vGdjwHC1N5kdesCtjc6T0=,+cjtxCQ7PcfbQYvJcpGd8f2GW10=
444,462,XRLES0vGdjwHC1N5kdesCtjc6T0=,+cjtxCQ7PcfbQYvJcpGd8f2GW10=
441,462,XRLES0vGdjwHC1N5kdesCtjc6T0=,+cjtxCQ7PcfbQYvJcpGd8f2GW10=
442,462,XRLES0vGdjwHC1N5kdesCtjc6T0=,+cjtxCQ7PcfbQYvJcpGd8f2GW10=
436,451,XRLES0vGdjwHC1N5kdesCtjc6T0=,+cjtxCQ7PcfbQYvJcpGd8f2GW10=
438,462,XRLES0vGdjwHC1N5kdesCtjc6T0=,+cjtxCQ7PcfbQYvJcpGd8f2GW10=
444,450,XRLES0vGdjwHC1N5kdesCtjc6T0=,+cjtxCQ7PcfbQYvJcpGd8f2GW10=
434,449,XRLES0vGdjwHC1N5kdesCtjc6T0=,+cjtxCQ7PcfbQYvJcpGd8f2GW10=
437,462,XRLES0vGdjwHC1N5kdesCtjc6T0=,+cjtxCQ7PcfbQYvJcpGd8f2GW10=
435,462,XRLES0vGdjwHC1N5kdesCtjc6T0=,+cjtxCQ7PcfbQYvJcpGd8f2GW10=
439,462,XRLES0vGdjwHC1N5kdesCtjc6T0=,+cjtxCQ7PcfbQYvJcpGd8f2GW10=
434,462,XRLES0vGdjwHC1N5kdesCtjc6T0=,+cjtxCQ7PcfbQYvJcpGd8f2GW10=
436,462,XRLES0vGdjwHC1N5kdesCtjc6T0=,+cjtxCQ7PcfbQYvJcpGd8f2GW10=
440,462,XRLES0vGdjwHC1N5kdesCtjc6T0=,+cjtxCQ7PcfbQYvJcpGd8f2GW10=
447,461,XRLES0vGdjwHC1N5kdesCtjc6T0=,+cjtxCQ7PcfbQYvJcpGd8f2GW10=
445,461,XRLES0vGdjwHC1N5kdesCtjc6T0=,+cjtxCQ7PcfbQYvJcpGd8f2GW10=
436,448,XRLES0vGdjwHC1N5kdesCtjc6T0=,+cjtxCQ7PcfbQYvJcpGd8f2GW10=
443,461,XRLES0vGdjwHC1N5kdesCtjc6T0=,+cjtxCQ7PcfbQYvJcpGd8f2GW10=
432,462,XRLES0vGdjwHC1N5kdesCtjc6T0=,+cjtxCQ7PcfbQYvJcpGd8f2GW10=
432,449,XRLES0vGdjwHC1N5kdesCtjc6T0=,+cjtxCQ7PcfbQYvJcpGd8f2GW10=
433,462,XRLES0vGdjwHC1N5kdesCtjc6T0=,+cjtxCQ7PcfbQYvJcpGd8f2GW10=
441,461,XRLES0vGdjwHC1N5kdesCtjc6T0=,+cjtxCQ7PcfbQYvJcpGd8f2GW10=
440,461,XRLES0vGdjwHC1N5kdesCtjc6T0=,+cjtxCQ7PcfbQYvJcpGd8f2GW10=
437,451,XRLES0vGdjwHC1N5kdesCtjc6T0=,+cjtxCQ7PcfbQYvJcpGd8f2GW10=
443,450,XRLES0vGdjwHC1N5kdesCtjc6T0=,+cjtxCQ7PcfbQYvJcpGd8f2GW10=
442,461,XRLES0vGdjwHC1N5kdesCtjc6T0=,+cjtxCQ7PcfbQYvJcpGd8f2GW10=
439,461,XRLES0vGdjwHC1N5kdesCtjc6T0=,+cjtxCQ7PcfbQYvJcpGd8f2GW10=
446,461,XRLES0vGdjwHC1N5kdesCtjc6T0=,+cjtxCQ7PcfbQYvJcpGd8f2GW10=
436,461,XRLES0vGdjwHC1N5kdesCtjc6T0=,+cjtxCQ7PcfbQYvJcpGd8f2GW10=
444,461,XRLES0vGdjwHC1N5kdesCtjc6T0=,+cjtxCQ7PcfbQYvJcpGd8f2GW10=
435,461,XRLES0vGdjwHC1N5kdesCtjc6T0=,+cjtxCQ7PcfbQYvJcpGd8f2GW10=
437,461,XRLES0vGdjwHC1N5kdesCtjc6T0=,+cjtxCQ7PcfbQYvJcpGd8f2GW10=
438,451,XRLES0vGdjwHC1N5kdesCtjc6T0=,+cjtxCQ7PcfbQYvJcpGd8f2GW10=
432,461,XRLES0vGdjwHC1N5kdesCtjc6T0=,+cjtxCQ7PcfbQYvJcpGd8f2GW10=
447,448,XRLES0vGdjwHC1N5kdesCtjc6T0=,+cjtxCQ7PcfbQYvJcpGd8f2GW10=
439,451,XRLES0vGdjwHC1N5kdesCtjc6T0=,+cjtxCQ7PcfbQYvJcpGd8f2GW10=
446,460,XRLES0vGdjwHC1N5kdesCtjc6T0=,+cjtxCQ7PcfbQYvJcpGd8f2GW10=
447,460,XRLES0vGdjwHC1N5kdesCtjc6T0=,+cjtxCQ7PcfbQYvJcpGd8f2GW10=
445,460,XRLES0vGdjwHC1N5kdesCtjc6T0=,+cjtxCQ7PcfbQYvJcpGd8f2GW10=
446,448,XRLES0vGdjwHC1N5kdesCtjc6T0=,+cjtxCQ7PcfbQYvJcpGd8f2GW10=
440,451,XRLES0vGdjwHC1N5kdesCtjc6T0=,+cjtxCQ7PcfbQYvJcpGd8f2GW10=
434,461,XRLES0vGdjwHC1N5kdesCtjc6T0=,+cjtxCQ7PcfbQYvJcpGd8f2GW10=
438,461,XRLES0vGdjwHC1N5kdesCtjc6T0=,+cjtxCQ7PcfbQYvJcpGd8f2GW10=
433,448,XRLES0vGdjwHC1N5kdesCtjc6T0=,+cjtxCQ7PcfbQYvJcpGd8f2GW10=
444,460,XRLES0vGdjwHC1N5kdesCtjc6T0=,+cjtxCQ7PcfbQYvJcpGd8f2GW10=
441,451,XRLES0vGdjwHC1N5kdesCtjc6T0=,+cjtxCQ7PcfbQYvJcpGd8f2GW10=
442,460,XRLES0vGdjwHC1N5kdesCtjc6T0=,+cjtxCQ7PcfbQYvJcpGd8f2GW10=
438,460,XRLES0vGdjwHC1N5kdesCtjc6T0=,+cjtxCQ7PcfbQYvJcpGd8f2GW10=
443,460,XRLES0vGdjwHC1N5kdesCtjc6T0=,+cjtxCQ7PcfbQYvJcpGd8f2GW10=
433,461,XRLES0vGdjwHC1N5kdesCtjc6T0=,+cjtxCQ7PcfbQYvJcpGd8f2GW10=
442,450,XRLES0vGdjwHC1N5kdesCtjc6T0=,+cjtxCQ7PcfbQYvJcpGd8f2GW10=
442,451,XRLES0vGdjwHC1N5kdesCtjc6T0=,+cjtxCQ7PcfbQYvJcpGd8f2GW10=
440,460,XRLES0vGdjwHC1N5kdesCtjc6T0=,+cjtxCQ7PcfbQYvJcpGd8f2GW10=
439,460,XRLES0vGdjwHC1N5kdesCtjc6T0=,+cjtxCQ7PcfbQYvJcpGd8f2GW10=
441,460,XRLES0vGdjwHC1N5kdesCtjc6T0=,+cjtxCQ7PcfbQYvJcpGd8f2GW10=
436,460,XRLES0vGdjwHC1N5kdesCtjc6T0=,+cjtxCQ7PcfbQYvJcpGd8f2GW10=
434,460,XRLES0vGdjwHC1N5kdesCtjc6T0=,+cjtxCQ7PcfbQYvJcpGd8f2GW10=
435,460,XRLES0vGdjwHC1N5kdesCtjc6T0=,+cjtxCQ7PcfbQYvJcpGd8f2GW10=
447,459,XRLES0vGdjwHC1N5kdesCtjc6T0=,+cjtxCQ7PcfbQYvJcpGd8f2GW10=
437,460,XRLES0vGdjwHC1N5kdesCtjc6T0=,+cjtxCQ7PcfbQYvJcpGd8f2GW10=
433,460,XRLES0vGdjwHC1N5kdesCtjc6T0=,+cjtxCQ7PcfbQYvJcpGd8f2GW10=
444,459,XRLES0vGdjwHC1N5kdesCtjc6T0=,+cjtxCQ7PcfbQYvJcpGd8f2GW10=
443,451,XRLES0vGdjwHC1N5kdesCtjc6T0=,+cjtxCQ7PcfbQYvJcpGd8f2GW10=
432,460,XRLES0vGdjwHC1N5kdesCtjc6T0=,+cjtxCQ7PcfbQYvJcpGd8f2GW10=
445,448,XRLES0vGdjwHC1N5kdesCtjc6T0=,+cjtxCQ7PcfbQYvJcpGd8f2GW10=
445,459,XRLES0vGdjwHC1N5kdesCtjc6T0=,+cjtxCQ7PcfbQYvJcpGd8f2GW10=
444,451,XRLES0vGdjwHC1N5kdesCtjc6T0=,+cjtxCQ7PcfbQYvJcpGd8f2GW10=
440,459,XRLES0vGdjwHC1N5kdesCtjc6T0=,+cjtxCQ7PcfbQYvJcpGd8f2GW10=
439,459,XRLES0vGdjwHC1N5kdesCtjc6T0=,+cjtxCQ7PcfbQYvJcpGd8f2GW10=
441,450,XRLES0vGdjwHC1N5kdesCtjc6T0=,+cjtxCQ7PcfbQYvJcpGd8f2GW10=
438,459,XRLES0vGdjwHC1N5kdesCtjc6T0=,+cjtxCQ7PcfbQYvJcpGd8f2GW10=
442,459,XRLES0vGdjwHC1N5kdesCtjc6T0=,+cjtxCQ7PcfbQYvJcpGd8f2GW10=
436,459,XRLES0vGdjwHC1N5kdesCtjc6T0=,+cjtxCQ7PcfbQYvJcpGd8f2GW10=
437,459,XRLES0vGdjwHC1N5kdesCtjc6T0=,+cjtxCQ7PcfbQYvJcpGd8f2GW10=
446,459,XRLES0vGdjwHC1N5kdesCtjc6T0=,+cjtxCQ7PcfbQYvJcpGd8f2GW10=
441,459,XRLES0vGdjwHC1N5kdesCtjc6T0=,+cjtxCQ7PcfbQYvJcpGd8f2GW10=
445,451,XRLES0vGdjwHC1N5kdesCtjc6T0=,+cjtxCQ7PcfbQYvJcpGd8f2GW10=
446,458,XRLES0vGdjwHC1N5kdesCtjc6T0=,+cjtxCQ7PcfbQYvJcpGd8f2GW10=
443,459,XRLES0vGdjwHC1N5kdesCtjc6T0=,+cjtxCQ7PcfbQYvJcpGd8f2GW10=
444,458,XRLES0vGdjwHC1N5kdesCtjc6T0=,+cjtxCQ7PcfbQYvJcpGd8f2GW10=
432,459,XRLES0vGdjwHC1N5kdesCtjc6T0=,+cjtxCQ7PcfbQYvJcpGd8f2GW10=
434,459,XRLES0vGdjwHC1N5kdesCtjc6T0=,+cjtxCQ7PcfbQYvJcpGd8f2GW10=
433,459,XRLES0vGdjwHC1N5kdesCtjc6T0=,+cjtxCQ7PcfbQYvJcpGd8f2GW10=
444,448,XRLES0vGdjwHC1N5kdesCtjc6T0=,+cjtxCQ7PcfbQYvJcpGd8f2GW10=
440,450,XRLES0vGdjwHC1N5kdesCtjc6T0=,+cjtxCQ7PcfbQYvJcpGd8f2GW10=
441,458,XRLES0vGdjwHC1N5kdesCtjc6T0=,+cjtxCQ7PcfbQYvJcpGd8f2GW10=
446,451,XRLES0vGdjwHC1N5kdesCtjc6T0=,+cjtxCQ7PcfbQYvJcpGd8f2GW10=
440,458,XRLES0vGdjwHC1N5kdesCtjc6T0=,+cjtxCQ7PcfbQYvJcpGd8f2GW10=
442,458,XRLES0vGdjwHC1N5kdesCtjc6T0=,+cjtxCQ7PcfbQYvJcpGd8f2GW10=
439,458,XRLES0vGdjwHC1N5kdesCtjc6T0=,+cjtxCQ7PcfbQYvJcpGd8f2GW10=
437,458,XRLES0vGdjwHC1N5kdesCtjc6T0=,+cjtxCQ7PcfbQYvJcpGd8f2GW10=
436,458,XRLES0vGdjwHC1N5kdesCtjc6T0=,+cjtxCQ7PcfbQYvJcpGd8f2GW10=
435,458,XRLES0vGdjwHC1N5kdesCtjc6T0=,+cjtxCQ7PcfbQYvJcpGd8f2GW10=
433,450,XRLES0vGdjwHC1N5kdesCtjc6T0=,+cjtxCQ7PcfbQYvJcpGd8f2GW10=
438,458,XRLES0vGdjwHC1N5kdesCtjc6T0=,+cjtxCQ7PcfbQYvJcpGd8f2GW10=
433,458,XRLES0vGdjwHC1N5kdesCtjc6T0=,+cjtxCQ7PcfbQYvJcpGd8f2GW10=
435,459,XRLES0vGdjwHC1N5kdesCtjc6T0=,+cjtxCQ7PcfbQYvJcpGd8f2GW10=
434,458,XRLES0vGdjwHC1N5kdesCtjc6T0=,+cjtxCQ7PcfbQYvJcpGd8f2GW10=
432,458,XRLES0vGdjwHC1N5kdesCtjc6T0=,+cjtxCQ7PcfbQYvJcpGd8f2GW10=
447,457,XRLES0vGdjwHC1N5kdesCtjc6T0=,+cjtxCQ7PcfbQYvJcpGd8f2GW10=
443,457,XRLES0vGdjwHC1N5kdesCtjc6T0=,+cjtxCQ7PcfbQYvJcpGd8f2GW10=
445,457,XRLES0vGdjwHC1N5kdesCtjc6T0=,+cjtxCQ7PcfbQYvJcpGd8f2GW10=
444,457,XRLES0vGdjwHC1N5kdesCtjc6T0=,+cjtxCQ7PcfbQYvJcpGd8f2GW10=
442,457,XRLES0vGdjwHC1N5kdesCtjc6T0=,+cjtxCQ7PcfbQYvJcpGd8f2GW10=
447,451,XRLES0vGdjwHC1N5kdesCtjc6T0=,+cjtxCQ7PcfbQYvJcpGd8f2GW10=
441,457,XRLES0vGdjwHC1N5kdesCtjc6T0=,+cjtxCQ7PcfbQYvJcpGd8f2GW10=
446,457,XRLES0vGdjwHC1N5kdesCtjc6T0=,+cjtxCQ7PcfbQYvJcpGd8f2GW10=
440,457,XRLES0vGdjwHC1N5kdesCtjc6T0=,+cjtxCQ7PcfbQYvJcpGd8f2GW10=
439,457,XRLES0vGdjwHC1N5kdesCtjc6T0=,+cjtxCQ7PcfbQYvJcpGd8f2GW10=
432,452,XRLES0vGdjwHC1N5kdesCtjc6T0=,+cjtxCQ7PcfbQYvJcpGd8f2GW10=
438,457,XRLES0vGdjwHC1N5kdesCtjc6T0=,+cjtxCQ7PcfbQYvJcpGd8f2GW10=
436,457,XRLES0vGdjwHC1N5kdesCtjc6T0=,+cjtxCQ7PcfbQYvJcpGd8f2GW10=
443,448,XRLES0vGdjwHC1N5kdesCtjc6T0=,+cjtxCQ7PcfbQYvJcpGd8f2GW10=
447,458,XRLES0vGdjwHC1N5kdesCtjc6T0=,+cjtxCQ7PcfbQYvJcpGd8f2GW10=
445,458,XRLES0vGdjwHC1N5kdesCtjc6T0=,+cjtxCQ7PcfbQYvJcpGd8f2GW10=
443,458,XRLES0vGdjwHC1N5kdesCtjc6T0=,+cjtxCQ7PcfbQYvJcpGd8f2GW10=
434,457,XRLES0vGdjwHC1N5kdesCtjc6T0=,+cjtxCQ7PcfbQYvJcpGd8f2GW10=
433,457,XRLES0vGdjwHC1N5kdesCtjc6T0=,+cjtxCQ7PcfbQYvJcpGd8f2GW10=
432,448,XRLES0vGdjwHC1N5kdesCtjc6T0=,+cjtxCQ7PcfbQYvJcpGd8f2GW10=
432,457,XRLES0vGdjwHC1N5kdesCtjc6T0=,+cjtxCQ7PcfbQYvJcpGd8f2GW10=
445,456,XRLES0vGdjwHC1N5kdesCtjc6T0=,+cjtxCQ7PcfbQYvJcpGd8f2GW10=
446,456,XRLES0vGdjwHC1N5kdesCtjc6T0=,+cjtxCQ7PcfbQYvJcpGd8f2GW10=
444,456,XRLES0vGdjwHC1N5kdesCtjc6T0=,+cjtxCQ7PcfbQYvJcpGd8f2GW10=
443,456,XRLES0vGdjwHC1N5kdesCtjc6T0=,+cjtxCQ7PcfbQYvJcpGd8f2GW10=
433,452,XRLES0vGdjwHC1N5kdesCtjc6T0=,+cjtxCQ7PcfbQYvJcpGd8f2GW10=
442,456,XRLES0vGdjwHC1N5kdesCtjc6T0=,+cjtxCQ7PcfbQYvJcpGd8f2GW10=
439,450,XRLES0vGdjwHC1N5kdesCtjc6T0=,+cjtxCQ7PcfbQYvJcpGd8f2GW10=
437,457,XRLES0vGdjwHC1N5kdesCtjc6T0=,+cjtxCQ7PcfbQYvJcpGd8f2GW10=
435,457,XRLES0vGdjwHC1N5kdesCtjc6T0=,+cjtxCQ7PcfbQYvJcpGd8f2GW10=
440,456,XRLES0vGdjwHC1N5kdesCtjc6T0=,+cjtxCQ7PcfbQYvJcpGd8f2GW10=
441,456,XRLES0vGdjwHC1N5kdesCtjc6T0=,+cjtxCQ7PcfbQYvJcpGd8f2GW10=
447,456,XRLES0vGdjwHC1N5kdesCtjc6T0=,+cjtxCQ7PcfbQYvJcpGd8f2GW10=
438,450,XRLES0vGdjwHC1N5kdesCtjc6T0=,+cjtxCQ7PcfbQYvJcpGd8f2GW10=
434,452,XRLES0vGdjwHC1N5kdesCtjc6T0=,+cjtxCQ7PcfbQYvJcpGd8f2GW10=
438,456,XRLES0vGdjwHC1N5kdesCtjc6T0=,+cjtxCQ7PcfbQYvJcpGd8f2GW10=
439,456,XRLES0vGdjwHC1N5kdesCtjc6T0=,+cjtxCQ7PcfbQYvJcpGd8f2GW10=
442,448,XRLES0vGdjwHC1N5kdesCtjc6T0=,+cjtxCQ7PcfbQYvJcpGd8f2GW10=
433,456,XRLES0vGdjwHC1N5kdesCtjc6T0=,+cjtxCQ7PcfbQYvJcpGd8f2GW10=
437,456,XRLES0vGdjwHC1N5kdesCtjc6T0=,+cjtxCQ7PcfbQYvJcpGd8f2GW10=
435,452,XRLES0vGdjwHC1N5kdesCtjc6T0=,+cjtxCQ7PcfbQYvJcpGd8f2GW10=
434,456,XRLES0vGdjwHC1N5kdesCtjc6T0=,+cjtxCQ7PcfbQYvJcpGd8f2GW10=
436,456,XRLES0vGdjwHC1N5kdesCtjc6T0=,+cjtxCQ7PcfbQYvJcpGd8f2GW10=
447,455,XRLES0vGdjwHC1N5kdesCtjc6T0=,+cjtxCQ7PcfbQYvJcpGd8f2GW10=
435,456,XRLES0vGdjwHC1N5kdesCtjc6T0=,+cjtxCQ7PcfbQYvJcpGd8f2GW10=
445,455,XRLES0vGdjwHC1N5kdesCtjc6T0=,+cjtxCQ7PcfbQYvJcpGd8f2GW10=
446,455,XRLES0vGdjwHC1N5kdesCtjc6T0=,+cjtxCQ7PcfbQYvJcpGd8f2GW10=
442,455,XRLES0vGdjwHC1N5kdesCtjc6T0=,+cjtxCQ7PcfbQYvJcpGd8f2GW10=
432,456,XRLES0vGdjwHC1N5kdesCtjc6T0=,+cjtxCQ7PcfbQYvJcpGd8f2GW10=
443,455,XRLES0vGdjwHC1N5kdesCtjc6T0=,+cjtxCQ7PcfbQYvJcpGd8f2GW10=
444,455,XRLES0vGdjwHC1N5kdesCtjc6T0=,+cjtxCQ7PcfbQYvJcpGd8f2GW10=
434,450,XRLES0vGdjwHC1N5kdesCtjc6T0=,+cjtxCQ7PcfbQYvJcpGd8f2GW10=
441,455,XRLES0vGdjwHC1N5kdesCtjc6T0=,+cjtxCQ7PcfbQYvJcpGd8f2GW10=
441,448,XRLES0vGdjwHC1N5kdesCtjc6T0=,+cjtxCQ7PcfbQYvJcpGd8f2GW10=
437,450,XRLES0vGdjwHC1N5kdesCtjc6T0=,+cjtxCQ7PcfbQYvJcpGd8f2GW10=
437,455,XRLES0vGdjwHC1N5kdesCtjc6T0=,+cjtxCQ7PcfbQYvJcpGd8f2GW10=
440,455,XRLES0vGdjwHC1N5kdesCtjc6T0=,+cjtxCQ7PcfbQYvJcpGd8f2GW10=
439,455,XRLES0vGdjwHC1N5kdesCtjc6T0=,+cjtxCQ7PcfbQYvJcpGd8f2GW10=
438,455,XRLES0vGdjwHC1N5kdesCtjc6T0=,+cjtxCQ7PcfbQYvJcpGd8f2GW10=
435,455,XRLES0vGdjwHC1N5kdesCtjc6T0=,+cjtxCQ7PcfbQYvJcpGd8f2GW10=
436,452,XRLES0vGdjwHC1N5kdesCtjc6T0=,+cjtxCQ7PcfbQYvJcpGd8f2GW10=
434,455,XRLES0vGdjwHC1N5kdesCtjc6T0=,+cjtxCQ7PcfbQYvJcpGd8f2GW10=
432,455,XRLES0vGdjwHC1N5kdesCtjc6T0=,+cjtxCQ7PcfbQYvJcpGd8f2GW10=
446,454,XRLES0vGdjwHC1N5kdesCtjc6T0=,+cjtxCQ7PcfbQYvJcpGd8f2GW10=
445,454,XRLES0vGdjwHC1N5kdesCtjc6T0=,+cjtxCQ7PcfbQYvJcpGd8f2GW10=
444,454,XRLES0vGdjwHC1N5kdesCtjc6T0=,+cjtxCQ7PcfbQYvJcpGd8f2GW10=
447,454,XRLES0vGdjwHC1N5kdesCtjc6T0=,+cjtxCQ7PcfbQYvJcpGd8f2GW10=
443,454,XRLES0vGdjwHC1N5kdesCtjc6T0=,+cjtxCQ7PcfbQYvJcpGd8f2GW10=
437,448,XRLES0vGdjwHC1N5kdesCtjc6T0=,+cjtxCQ7PcfbQYvJcpGd8f2GW10=
439,454,XRLES0vGdjwHC1N5kdesCtjc6T0=,+cjtxCQ7PcfbQYvJcpGd8f2GW10=
436,455,XRLES0vGdjwHC1N5kdesCtjc6T0=,+cjtxCQ7PcfbQYvJcpGd8f2GW10=
441,454,XRLES0vGdjwHC1N5kdesCtjc6T0=,+cjtxCQ7PcfbQYvJcpGd8f2GW10=
438,454,XRLES0vGdjwHC1N5kdesCtjc6T0=,+cjtxCQ7PcfbQYvJcpGd8f2GW10=
442,454,XRLES0vGdjwHC1N5kdesCtjc6T0=,+cjtxCQ7PcfbQYvJcpGd8f2GW10=
433,455,XRLES0vGdjwHC1N5kdesCtjc6T0=,+cjtxCQ7PcfbQYvJcpGd8f2GW10=
440,454,XRLES0vGdjwHC1N5kdesCtjc6T0=,+cjtxCQ7PcfbQYvJcpGd8f2GW10=
440,448,XRLES0vGdjwHC1N5kdesCtjc6T0=,+cjtxCQ7PcfbQYvJcpGd8f2GW10=
437,454,XRLES0vGdjwHC1N5kdesCtjc6T0=,+cjtxCQ7PcfbQYvJcpGd8f2GW10=
432,454,XRLES0vGdjwHC1N5kdesCtjc6T0=,+cjtxCQ7PcfbQYvJcpGd8f2GW10=
437,452,XRLES0vGdjwHC1N5kdesCtjc6T0=,+cjtxCQ7PcfbQYvJcpGd8f2GW10=
436,454,XRLES0vGdjwHC1N5kdesCtjc6T0=,+cjtxCQ7PcfbQYvJcpGd8f2GW10=
436,450,XRLES0vGdjwHC1N5kdesCtjc6T0=,+cjtxCQ7PcfbQYvJcpGd8f2GW10=
433,454,XRLES0vGdjwHC1N5kdesCtjc6T0=,+cjtxCQ7PcfbQYvJcpGd8f2GW10=
435,454,XRLES0vGdjwHC1N5kdesCtjc6T0=,+cjtxCQ7PcfbQYvJcpGd8f2GW10=
446,453,XRLES0vGdjwHC1N5kdesCtjc6T0=,+cjtxCQ7PcfbQYvJcpGd8f2GW10=
444,453,XRLES0vGdjwHC1N5kdesCtjc6T0=,+cjtxCQ7PcfbQYvJcpGd8f2GW10=
443,453,XRLES0vGdjwHC1N5kdesCtjc6T0=,+cjtxCQ7PcfbQYvJcpGd8f2GW10=
434,454,XRLES0vGdjwHC1N5kdesCtjc6T0=,+cjtxCQ7PcfbQYvJcpGd8f2GW10=
445,453,XRLES0vGdjwHC1N5kdesCtjc6T0=,+cjtxCQ7PcfbQYvJcpGd8f2GW10=
439,453,XRLES0vGdjwHC1N5kdesCtjc6T0=,+cjtxCQ7PcfbQYvJcpGd8f2GW10=
438,453,XRLES0vGdjwHC1N5kdesCtjc6T0=,+cjtxCQ7PcfbQYvJcpGd8f2GW10=
440,453,XRLES0vGdjwHC1N5kdesCtjc6T0=,+cjtxCQ7PcfbQYvJcpGd8f2GW10=
439,448,XRLES0vGdjwHC1N5kdesCtjc6T0=,+cjtxCQ7PcfbQYvJcpGd8f2GW10=
438,452,XRLES0vGdjwHC1N5kdesCtjc6T0=,+cjtxCQ7PcfbQYvJcpGd8f2GW10=
435,450,XRLES0vGdjwHC1N5kdesCtjc6T0=,+cjtxCQ7PcfbQYvJcpGd8f2GW10=
435,453,XRLES0vGdjwHC1N5kdesCtjc6T0=,+cjtxCQ7PcfbQYvJcpGd8f2GW10=
434,453,XRLES0vGdjwHC1N5kdesCtjc6T0=,+cjtxCQ7PcfbQYvJcpGd8f2GW10=
433,453,XRLES0vGdjwHC1N5kdesCtjc6T0=,+cjtxCQ7PcfbQYvJcpGd8f2GW10=
439,452,XRLES0vGdjwHC1N5kdesCtjc6T0=,+cjtxCQ7PcfbQYvJcpGd8f2GW10=
447,453,XRLES0vGdjwHC1N5kdesCtjc6T0=,+cjtxCQ7PcfbQYvJcpGd8f2GW10=
432,453,XRLES0vGdjwHC1N5kdesCtjc6T0=,+cjtxCQ7PcfbQYvJcpGd8f2GW10=
441,453,XRLES0vGdjwHC1N5kdesCtjc6T0=,+cjtxCQ7PcfbQYvJcpGd8f2GW10=
442,453,XRLES0vGdjwHC1N5kdesCtjc6T0=,+cjtxCQ7PcfbQYvJcpGd8f2GW10=
437,453,XRLES0vGdjwHC1N5kdesCtjc6T0=,+cjtxCQ7PcfbQYvJcpGd8f2GW10=
436,453,XRLES0vGdjwHC1N5kdesCtjc6T0=,+cjtxCQ7PcfbQYvJcpGd8f2GW10=
438,448,XRLES0vGdjwHC1N5kdesCtjc6T0=,+cjtxCQ7PcfbQYvJcpGd8f2GW10=
443,452,XRLES0vGdjwHC1N5kdesCtjc6T0=,+cjtxCQ7PcfbQYvJcpGd8f2GW10=
440,452,XRLES0vGdjwHC1N5kdesCtjc6T0=,+cjtxCQ7PcfbQYvJcpGd8f2GW10=
446,452,XRLES0vGdjwHC1N5kdesCtjc6T0=,+cjtxCQ7PcfbQYvJcpGd8f2GW10=
441,452,XRLES0vGdjwHC1N5kdesCtjc6T0=,+cjtxCQ7PcfbQYvJcpGd8f2GW10=
447,452,XRLES0vGdjwHC1N5kdesCtjc6T0=,+cjtxCQ7PcfbQYvJcpGd8f2GW10=
445,452,XRLES0vGdjwHC1N5kdesCtjc6T0=,+cjtxCQ7PcfbQYvJcpGd8f2GW10=
442,452,XRLES0vGdjwHC1N5kdesCtjc6T0=,+cjtxCQ7PcfbQYvJcpGd8f2GW10=
444,452,XRLES0vGdjwHC1N5kdesCtjc6T0=,+cjtxCQ7PcfbQYvJcpGd8f2GW10=
